CUST_ID    BALANCE BALANCE_FREQUENCY PURCHASES ONEOFF_PURCHASES INSTALLMENTS_PURCHASES
1  C10001   40.90075          0.818182     95.40             0.00                  95.40
2  C10002 3202.46742          0.909091      0.00             0.00                   0.00
3  C10003 2495.14886          1.000000    773.17           773.17                   0.00
4  C10004 1666.67054          0.636364   1499.00          1499.00                   0.00
5  C10005  817.71434          1.000000     16.00            16.00                   0.00
6  C10006 1809.82875          1.000000   1333.28             0.00                1333.28
  CASH_ADVANCE PURCHASES_FREQUENCY ONEOFF_PURCHASES_FREQUENCY
1        0.000            0.166667                   0.000000
2     6442.945            0.000000                   0.000000
3        0.000            1.000000                   1.000000
4      205.788            0.083333                   0.083333
5        0.000            0.083333                   0.083333
6        0.000            0.666667                   0.000000
  PURCHASES_INSTALLMENTS_FREQUENCY CASH_ADVANCE_FREQUENCY CASH_ADVANCE_TRX PURCHASES_TRX
1                         0.083333               0.000000                0             2
2                         0.000000               0.250000                4             0
3                         0.000000               0.000000                0            12
4                         0.000000               0.083333                1             1
5                         0.000000               0.000000                0             1
6                         0.583333               0.000000                0             8
  CREDIT_LIMIT  PAYMENTS MINIMUM_PAYMENTS PRC_FULL_PAYMENT TENURE cluster
1         1000  201.8021         139.5098         0.000000     12       1
2         7000 4103.0326        1072.3402         0.222222     12       2
3         7500  622.0667         627.2848         0.000000     12       3
4         7500    0.0000               NA         0.000000     12       4
5         1200  678.3348         244.7912         0.000000     12       1
6         1800 1400.0578        2407.2460         0.000000     12       4
> 