Medoids:
       ID CUST_ID    BALANCE BALANCE_FREQUENCY PURCHASES ONEOFF_PURCHASES
[1,] 5204    5204   18.40047          0.166667      0.00             0.00
[2,] 3786    3786 2628.01002          1.000000   1918.14          1367.73
[3,] 7877    7877    0.00000          0.000000    420.60             0.00
     INSTALLMENTS_PURCHASES CASH_ADVANCE PURCHASES_FREQUENCY ONEOFF_PURCHASES_FREQUENCY
[1,]                   0.00     186.8531            0.000000                       0.00
[2,]                 550.41    1051.7909            0.916667                       0.75
[3,]                 420.60       0.0000            1.000000                       0.00
     PURCHASES_INSTALLMENTS_FREQUENCY CASH_ADVANCE_FREQUENCY CASH_ADVANCE_TRX PURCHASES_TRX
[1,]                         0.000000               0.166667                1             0
[2,]                         0.833333               0.583333               11            57
[3,]                         1.000000               0.000000                0            12
     CREDIT_LIMIT    PAYMENTS MINIMUM_PAYMENTS PRC_FULL_PAYMENT TENURE
[1,]           NA    9.040017         14.41872                0      6
[2,]         7000 3129.107625        759.02622                0     12
[3,]         2000  382.210790               NA                0     12
Clustering vector:
   [1] 1 2 2 2 1 1 2 1 2 1 1 1 2 2 1 2 1 1 1 3 3 2 1 2 2 1 1 1 2 1 2 2 2 1 3 1 2 2 2 2 1 1 2 1 2
  [46] 1 1 2 2 1 2 2 1 2 1 2 2 2 2 2 2 1 2 1 2 1 1 1 2 1 2 2 2 1 2 2 2 1 3 2 1 1 1 1 2 1 2 2 2 2
  [91] 2 2 1 1 1 1 2 2 1 1 1 1 2 1 2 2 1 2 1 2 2 2 2 2 2 1 2 1 2 1 2 2 2 2 1 2 1 2 1 1 1 2 1 2 1
 [136] 1 1 1 2 1 1 2 2 1 2 2 1 1 1 1 3 2 1 2 2 1 2 1 2 1 1 2 1 1 1 2 2 1 1 2 2 2 1 2 2 1 1 2 1 1
 [181] 1 1 2 1 1 1 2 1 1 1 1 1 1 1 2 2 2 1 2 2 1 1 1 2 2 1 1 2 2 1 2 2 2 2 1 1 1 1 2 2 2 2 1 1 2
 [226] 1 2 2 1 1 1 2 2 1 2 2 2 2 1 1 2 2 2 1 2 1 1 1 2 2 2 1 1 1 2 1 1 1 1 1 2 2 2 2 2 2 2 2 1 2
 [271] 2 2 1 2 2 1 1 1 2 2 2 1 1 2 1 2 1 2 2 2 2 2 2 2 1 2 2 2 2 1 2 2 2 1 2 2 2 1 1 1 1 2 2 1 2
 [316] 1 2 1 1 1 2 2 2 2 2 1 1 2 1 2 1 2 2 1 1 2 1 2 1 2 1 2 1 1 2 1 2 1 2 1 2 2 2 1 1 2 1 2 1 1
 [361] 1 1 1 2 1 1 1 2 2 2 2 2 1 2 1 1 2 1 1 1 2 1 1 1 2 2 1 3 1 1 1 2 2 3 1 2 2 1 1 1 2 1 2 1 2
 [406] 2 1 1 2 1 2 1 1 2 2 2 2 2 2 2 1 1 2 2 2 2 1 1 2 2 2 2 1 2 1 2 2 1 1 2 1 2 1 1 2 2 1 1 1 1
 [451] 1 2 2 2 1 1 2 1 1 2 2 2 1 1 1 2 1 2 2 2 2 2 2 1 1 2 2 1 2 1 1 2 2 1 1 2 2 2 2 1 2 1 2 2 2
 [496] 2 1 1 2 1 1 2 1 2 1 1 1 2 1 2 1 2 2 2 2 1 1 1 1 3 1 2 1 2 2 1 2 2 1 1 1 2 1 2 2 1 2 1 1 2
 [541] 2 2 2 1 2 2 1 1 2 1 2 2 2 2 2 1 2 2 2 1 2 1 3 2 1 2 1 3 1 2 2 3 2 1 2 1 2 2 2 1 2 1 2 2 2
 [586] 2 1 2 1 2 2 2 2 2 1 1 2 2 2 1 2 1 2 1 2 1 2 2 2 2 2 2 2 2 2 2 2 2 1 2 2 1 2 1 2 1 1 2 2 2
 [631] 1 1 1 2 2 1 1 2 1 2 2 2 2 2 1 2 2 2 2 3 1 2 2 1 1 2 2 1 2 1 2 2 1 1 2 1 3 1 2 2 2 2 1 1 2
 [676] 2 2 2 3 2 1 2 2 1 2 1 1 1 2 2 1 1 1 2 1 2 2 3 2 1 2 1 1 2 2 1 1 2 2 2 2 1 2 1 1 2 1 1 2 1
 [721] 2 2 1 2 1 2 2 2 1 1 1 2 1 1 2 2 1 1 1 2 1 1 1 2 1 1 1 1 1 2 2 2 2 1 2 2 2 2 1 2 2 1 2 2 1
 [766] 1 1 1 2 2 1 2 1 1 1 1 2 2 1 2 2 1 2 2 1 1 2 1 1 2 2 1 1 1 1 1 1 2 1 1 3 1 2 2 1 1 2 2 1 2
 [811] 2 2 2 1 1 2 2 1 1 3 1 1 1 1 2 1 2 1 1 2 2 1 1 1 1 2 1 1 1 1 1 2 2 1 2 2 1 1 2 1 1 2 1 2 2
 [856] 2 2 1 1 2 1 2 2 1 1 1 2 2 1 1 2 2 1 1 2 1 1 1 2 1 1 1 2 2 2 1 2 1 1 2 2 2 1 2 1 1 2 1 2 1
 [901] 1 1 2 2 1 1 1 1 2 2 2 1 2 1 1 1 2 2 1 2 1 1 2 1 2 1 2 1 2 1 2 1 2 1 1 1 2 2 2 2 1 2 2 2 1
 [946] 1 1 1 1 1 1 1 2 1 2 1 1 2 1 1 2 1 2 1 1 2 1 1 2 2 1 2 1 2 3 2 1 2 1 1 1 2 1 1 2 2 1 3 1 2
 [991] 2 2 1 2 1 1 1 1 1 1
 [ reached getOption("max.print") -- omitted 7950 entries ]
Objective function:
   build     swap 
4056.821 4056.821 

Available components:
 [1] "medoids"    "id.med"     "clustering" "objective"  "isolation"  "clusinfo"   "silinfo"   
 [8] "diss"       "call"       "data"